0,488
99,4
99,3
99,2
99,1
99,0
82,12
82,11
82,10
82,9
82,8
82,7
82,4
82,3
82,2
82,1
82,0
69,6
69,5
69,4
69,3
69,2
69,1
69,0
59,9
59,7
59,6
59,5
59,4
59,3
59,2
59,1
59,0
51,8
51,7
51,6
51,4
51,3
51,2
51,1
51,0
44,5
44,4
44,3
44,2
44,1
44,0
42,3
42,2
42,1
42,0
41,3
41,2
41,1
41,0
40,3
40,2
40,1
40,0
39,3
39,2
39,1
39,0
38,3
38,2
38,1
38,0
36,3
36,2
36,1
36,0
35,4
35,3
35,2
35,1
35,0
34,5
34,4
34,3
34,2
34,1
34,0
4,3
4,2
4,1
4,0
3,6
3,5
3,4
3,3
3,2
3,1
3,0
2,77
2,76
2,75
2,74
2,73
2,72
2,71
2,70
2,66
2,65
2,64
2,27
2,24
2,23
2,19
2,14
2,7
2,5
2,3
2,2
2,1
2,0
1,3
1,2
1,1
1,0
0,889
0,866
0,865
0,854
0,768
0,706
0,701
0,695
0,691
0,688
0,685
0,683
0,514
0,453
0,243
0,9
0,0
0,1
0,808
0,805
0,300
0,922
0,299
0,946
0,298
0,900
0,297
0,296
0,295
0,795
0,294
0,925
0,293
0,857
0,292
0,291
0,290
0,850
0,289
0,924
0,288
0,484
0,287
0,944
0,286
0,285
0,880
0,284
0,450
0,283
0,879
0,282
0,916
0,281
0,482
99,5
99,7
99,9
99,10
104,0
104,1
104,3
104,7
104,8
104,10
104,11
118,0
118,2
118,3
118,5
119,0
119,2
119,3
120,1
120,3
120,4
120,6
120,7
124,0
124,2
124,3
124,5
124,6
128,1
128,2
128,4
128,6
131,0
131,2
131,3
131,5
133,1
133,2
133,4
133,5
133,7
133,8
133,10
133,12
133,13
133,15
133,16
133,18
135,0
135,1
135,3
135,4
139,0
139,2
139,3
142,1
142,2
142,4
142,5
144,1
144,3
144,4
145,1
145,2
146,0
146,2
146,3
149,1
149,2
149,4
149,5
160,1
160,3
160,4
173,0
173,1
173,3
173,5
173,6
173,8
173,9
173,11
173,12
173,14
173,16
174,0
174,2
174,3
174,5
175,1
175,2
175,4
179,0
179,2
179,4
179,5
185,0
185,1
185,3
185,5
185,8
185,10
185,11
187,1
187,2
187,4
204,1
204,2
204,4
204,5
261,1
261,2
261,4
262,0
262,1
262,3
262,4
262,6
272,1
272,2
272,4
272,5
272,7
272,8
281,1
281,3
281,4
282,0
282,1
282,3
282,5
292,0
292,2
292,3
292,7
292,8
292,10
294,0
294,1
294,3
294,5
373,1
373,3
373,4
373,8
373,9
373,11
380,0
380,1
380,3
380,4
380,6
388,0
388,2
388,4
388,5
390,1
390,2
390,4
392,1
392,2
392,4
392,5
392,7
392,8
392,10
392,12
392,15
392,17
392,24
393,0
393,2
393,3
393,5
393,6
393,8
393,9
394,1
394,3
394,4
401,0
401,1
401,3
401,5
401,6
402,0
402,1
402,3
403,0
403,1
403,3
403,4
404,1
404,2
408,0
408,2
408,3
408,8
408,9
413,1
413,3
413,4
413,6
413,7
413,9
417,0
417,2
417,4
417,5
417,7
417,8
421,1
421,3
421,4
421,6
421,7
421,9
425,0
425,2
425,4
425,5
425,7
425,8
425,10
425,12
429,0
429,2
429,3
429,5
429,6
429,8
429,10
433,0
433,2
433,3
433,5
437,1
437,2
437,4
437,5
437,7
441,0
441,1
441,3
441,4
441,6
441,7
441,9
441,11
441,12
445,1
445,2
445,4
445,6
445,7
445,9
445,10
445,12
445,13
449,0
449,2
449,3
449,5
449,6
453,0
453,2
453,3
453,5
453,6
453,8
453,9
453,11
457,1
457,2
457,4
457,5
457,7
457,9
457,10
461,1
461,2
461,4
461,6
461,7
465,0
465,1
465,3
465,4
465,6
469,0
469,1
469,3
469,4
469,6
469,8
469,9
473,0
473,1
473,3
473,4
473,6
477,0
477,1
477,3
477,4
477,6
477,8
481,0
481,2
481,3
481,5
481,6
481,8
481,10
481,11
481,9
481,7
481,4
481,1
477,7
477,5
477,2
473,7
473,5
473,2
469,10
469,7
469,5
469,2
465,7
465,5
465,2
461,8
461,5
461,3
461,0
457,8
457,6
457,3
457,0
453,10
453,7
453,4
453,1
449,7
449,4
449,1
445,14
445,11
445,8
445,5
445,3
445,0
441,10
441,8
441,5
441,2
437,8
437,6
437,3
437,0
433,4
433,1
429,9
429,7
429,4
429,1
425,11
425,9
425,6
425,3
425,1
421,8
421,5
421,2
421,0
417,6
417,3
417,1
413,8
413,5
413,2
413,0
408,7
408,1
404,3
404,0
403,2
402,4
402,2
401,7
401,4
401,2
394,5
394,2
394,0
393,7
393,4
393,1
392,40
392,16
392,11
392,9
392,6
392,3
392,0
390,3
390,0
388,3
388,1
380,5
380,2
373,12
373,10
373,7
373,2
373,0
294,2
292,11
292,9
292,5
292,1
282,4
282,2
281,5
281,2
281,0
272,6
272,3
272,0
262,5
262,2
261,5
261,3
261,0
204,3
204,0
187,3
187,0
185,9
185,7
185,2
179,6
179,3
179,1
175,3
175,0
174,4
174,1
173,15
173,13
173,10
173,7
173,4
173,2
160,5
160,2
160,0
149,3
149,0
146,1
145,3
145,0
144,2
144,0
142,3
142,0
139,1
135,6
135,2
133,19
133,17
133,14
133,11
133,9
133,6
133,3
133,0
131,4
131,1
128,5
128,3
128,0
124,4
124,1
120,8
120,5
120,2
120,0
119,1
118,4
118,1
104,12
104,9
104,4
104,2
99,12
99,8
0,280
0,888
0,279
0,887
0,278
0,942
0,277
0,920
0,276
0,275
0,941
0,274
0,940
0,273
0,272
0,481
0,271
0,480
0,270
0,849
0,269
0,268
0,267
0,908
0,266
0,265
0,264
0,263
0,448
0,262
0,477
0,261
0,260
0,259
0,258
0,959
0,257
0,476
0,256
0,898
0,255
0,254
0,474
0,253
0,938
0,252
0,472
0,251
0,250
0,249
0,471
0,248
0,958
0,247
0,470
0,246
0,245
0,957
0,244
0,469
0,242
0,241
0,468
0,240
0,913
0,239
0,489
0,238
0,956
0,237
0,846
0,236
0,235
0,894
0,234
0,467
0,233
0,934
0,232
0,487
0,231
0,230
0,483
0,229
0,479
0,228
0,877
0,227
0,226
0,897
0,225
0,224
0,466
0,223
0,875
0,222
0,478
0,221
0,473
0,220
0,465
0,219
0,463
0,218
0,869
0,217
0,892
0,216
0,914
0,215
0,464
0,214
0,475
0,213
0,212
0,878
0,211
0,460
0,210
0,452
0,209
0,208
0,462
0,207
0,932
0,206
0,461
0,205
0,451
0,204
0,810
0,203
0,883
0,202
0,930
0,201
0,459
0,200
0,449
0,199
0,951
0,198
0,919
0,197
0,196
0,458
0,195
0,486
0,194
0,896
0,193
0,457
0,192
0,929
0,63
0,456
0,62
0,485
0,61
0,928
0,60
0,881
0,59
0,935
0,58
0,455
0,57
0,882
0,56
0,923
0,55
0,927
0,54
0,53
0,52
0,864
0,51
0,454
0,50
0,825
0,49
0,949
0,48
0,47
0,948
0,46
0,739
0,45
0,901
0,6
0,5
0,304
0,303
0,306
0,305
0,302
0,534
0,12
0,647
0,10
0,8
0,444
0,11
0,4
0,2
0,3
0,7
